trajectory/latitude: [39.14462523,39.14462523,39.14415276,39.14416019,39.14463266,39.14464008,39.14416761,39.14417503,39.1446475,39.14465493,39.14418246,39.14418988,39.14466235,39.14466977,39.1441973,39.14420473,39.1446772,39.14468462,39.14421215,39.14421957,39.14469205,39.14469947,39.144227,39.14423442,39.14470689,39.14471432,39.14424185,39.14424927,39.14472174,39.14472916,39.14425669,39.14426412,39.14473659,39.14474401,39.14427154,39.14427896,39.14475143,39.14475886,39.14428639,39.14429381,39.14476628,39.14477371,39.14430123,39.14430866,39.14478113,39.14478855,39.14431608,39.14432351,39.14479598,39.1448034,39.14433093,39.14433835,39.14481082,39.14481825,39.14434578,39.1443532,39.14482567,39.14483309,39.14436062,39.14462523,39.14462523]
trajectory/longitude: [2.93710336,2.93710336,2.93659077,2.9365794,2.93709198,2.93708061,2.93656802,2.93655664,2.93706923,2.93705786,2.93654527,2.93653389,2.93704648,2.9370351,2.93652251,2.93651114,2.93702373,2.93701235,2.93649976,2.93648839,2.93700098,2.9369896,2.93647701,2.93646563,2.93697822,2.93696685,2.93645426,2.93644288,2.93695547,2.93694409,2.9364315,2.93642013,2.93693272,2.93692134,2.93640875,2.93639738,2.93690997,2.93689859,2.936386,2.93637462,2.93688721,2.93687584,2.93636325,2.93635187,2.93686446,2.93685309,2.9363405,2.93632912,2.93684171,2.93683033,2.93631774,2.93630637,2.93681896,2.93680758,2.93629499,2.93628361,2.9367962,2.93678483,2.93627224,2.93710336,2.93710336]
trajectory/depth: [0,3,3,3,3,3,3,3,3,3,3,3,3,3,3,3,3,3,3,3,3,3,3,3,3,3,3,3,3,3,3,3,3,3,3,3,3,3,3,3,3,3,3,3,3,3,3,3,3,3,3,3,3,3,3,3,3,3,3,3,0]
trajectory/wait: [0,0,0,0,0,0,0,0,0,0,0,0,0,0,0,0,0,0,0,0,0,0,0,0,0,0,0,0,0,0,0,0,0,0,0,0,0,0,0,0,0,0,0,0,0,0,0,0,0,0,0,0,0,0,0,0,0,0,0,0,0]
trajectory/altitude: [3,3,3,3,3,3,3,3,3,3,3,3,3,3,3,3,3,3,3,3,3,3,3,3,3,3,3,3,3,3,3,3,3,3,3,3,3,3,3,3,3,3,3,3,3,3,3,3,3,3,3,3,3,3,3,3,3,3,3,3,3]
trajectory/altitude_mode: [false,true,true,true,true,true,true,true,true,true,true,true,true,true,true,true,true,true,true,true,true,true,true,true,true,true,true,true,true,true,true,true,true,true,true,true,true,true,true,true,true,true,true,true,true,true,true,true,true,true,true,true,true,true,true,true,true,true,true,true,false]
trajectory/mode: ['sparus_los','sparus_los','sparus_los','sparus_los','sparus_los','sparus_los','sparus_los','sparus_los','sparus_los','sparus_los','sparus_los','sparus_los','sparus_los','sparus_los','sparus_los','sparus_los','sparus_los','sparus_los','sparus_los','sparus_los','sparus_los','sparus_los','sparus_los','sparus_los','sparus_los','sparus_los','sparus_los','sparus_los','sparus_los','sparus_los','sparus_los','sparus_los','sparus_los','sparus_los','sparus_los','sparus_los','sparus_los','sparus_los','sparus_los','sparus_los','sparus_los','sparus_los','sparus_los','sparus_los','sparus_los','sparus_los','sparus_los','sparus_los','sparus_los','sparus_los','sparus_los','sparus_los','sparus_los','sparus_los','sparus_los','sparus_los','sparus_los','sparus_los','sparus_los','sparus_los','sparus_los']
trajectory/actions: ['','','','','','','','','','','','','','','','','','','','','','','','','','','','','','','','','','','','','','','','','','','','','','','','','','','','','','','','','','','','','']
trajectory/roll: [0,0,0,0,0,0,0,0,0,0,0,0,0,0,0,0,0,0,0,0,0,0,0,0,0,0,0,0,0,0,0,0,0,0,0,0,0,0,0,0,0,0,0,0,0,0,0,0,0,0,0,0,0,0,0,0,0,0,0,0,0]
trajectory/pitch: [0,0,0,0,0,0,0,0,0,0,0,0,0,0,0,0,0,0,0,0,0,0,0,0,0,0,0,0,0,0,0,0,0,0,0,0,0,0,0,0,0,0,0,0,0,0,0,0,0,0,0,0,0,0,0,0,0,0,0,0,0]
trajectory/yaw: [0,0,0,0,0,0,0,0,0,0,0,0,0,0,0,0,0,0,0,0,0,0,0,0,0,0,0,0,0,0,0,0,0,0,0,0,0,0,0,0,0,0,0,0,0,0,0,0,0,0,0,0,0,0,0,0,0,0,0,0,0]
trajectory/trajectory_type: 'absolute'
trajectory/disable_axis: [false,true,false,true,true,false]
trajectory/tolerance: [2,2,2,2,2,2]
trajectory/priority: 10
trajectory/time_out: 5650