navigator/ned_origin_lat: 39.543785
navigator/ned_origin_lon: 2.37884166667
