navigator/ned_origin_lat: 39.1452017957
navigator/ned_origin_lon: 2.93711431723
