navigator/ned_origin_lat: 41.9673383333
navigator/ned_origin_lon: 2.83611166667
