navigator/ned_origin_lat: 41.8449166667
navigator/ned_origin_lon: 3.11990833333
