navigator/ned_origin_lat: 39.52633688
navigator/ned_origin_lon: 2.54736606
