navigator/ned_origin_lat: 39.6463526511
navigator/ned_origin_lon: 2.66610666498