navigator/ned_origin_lat: 41.7780066667
navigator/ned_origin_lon: 3.03406833333