navigator/ned_origin_lat: 39.7959483333
navigator/ned_origin_lon: 2.69238333333
