navigator/ned_origin_lat: 39.7180333333
navigator/ned_origin_lon: 2.58710666667
