navigator/ned_origin_lat: 39.71782099
navigator/ned_origin_lon: 2.58668751
