image_width: 1024
image_height: 768
camera_name: 00b09d0100a8a2c8_right
camera_matrix:
  rows: 3
  cols: 3
  data: [722.8543182209878, 0, 506.3169141046247, 0, 722.0134205727093, 385.0324193575613, 0, 0, 1]
distortion_model: plumb_bob
distortion_coefficients:
  rows: 1
  cols: 5
  data: [-0.2746279483317259, 0.1120158425917695, -0.00149421704586487, -0.0008833848205470275, 0]
rectification_matrix:
  rows: 3
  cols: 3
  data: [0.9998992282903467, 0.005891592316044253, -0.01291597477354001, -0.005950130926853005, 0.9999721791927433, -0.004498531145775178, 0.01288911192916335, 0.004574929562051205, 0.9999064660322883]
projection_matrix:
  rows: 3
  cols: 4
  data: [668.5641816159705, 0, 519.4016342163086, -80.01498605202202, 0, 668.5641816159705, 388.9616355895996, 0, 0, 0, 1, 0]