image_width: 1024
image_height: 768
camera_name: 00b09d0100a8a2c8_left
camera_matrix:
  rows: 3
  cols: 3
  data: [718.3497947991251, 0, 520.1716969645133, 0, 717.982547869748, 397.0327790819393, 0, 0, 1]
distortion_model: plumb_bob
distortion_coefficients:
  rows: 1
  cols: 5
  data: [-0.2852578725345611, 0.124404259211767, -0.0008573144154383176, 0.001018557038211147, 0]
rectification_matrix:
  rows: 3
  cols: 3
  data: [0.9999999715644708, -0.0001804730612406861, -0.0001558862775986186, 0.0001811784357261459, 0.9999896921182825, 0.004536830562974706, 0.000155065895041261, -0.004536858677199433, 0.9999896963808734]
projection_matrix:
  rows: 3
  cols: 4
  data: [668.5641816159705, 0, 519.4016342163086, 0, 0, 668.5641816159705, 388.9616355895996, 0, 0, 0, 1, 0]